0.800000000000000000e+00 0.800000000000000000e+00 0.800000000000000000e+00 1.000000000000000000e+00
1.364080000000000015e-01 5.411730000000000151e-01 5.544829999999999481e-01 1.000000000000000000e+00
1.218309999999999949e-01 5.890549999999999953e-01 5.456229999999999691e-01 1.000000000000000000e+00
1.247800000000000020e-01 6.404609999999999470e-01 5.270679999999999810e-01 1.000000000000000000e+00
1.620159999999999934e-01 6.873160000000000380e-01 4.991289999999999893e-01 1.000000000000000000e+00
2.393740000000000034e-01 7.355880000000000196e-01 4.556879999999999820e-01 1.000000000000000000e+00
3.358849999999999891e-01 7.770179999999999865e-01 4.020489999999999897e-01 1.000000000000000000e+00
4.586740000000000261e-01 8.163629999999999498e-01 3.297269999999999923e-01 1.000000000000000000e+00
5.856780000000000319e-01 8.466609999999999969e-01 2.498970000000000080e-01 1.000000000000000000e+00
7.308890000000000109e-01 8.719160000000000244e-01 1.560290000000000010e-01 1.000000000000000000e+00
8.660130000000000328e-01 8.898679999999999923e-01 9.595299999999999663e-02 1.000000000000000000e+00
9.932480000000000198e-01 9.061569999999999903e-01 1.439360000000000084e-01 1.000000000000000000e+00